100
4 7 8 20
4 6 7 157
10 2 3 8
1 10 4 7
1 7 3 17
2 9 8 142
3 1 3 5
8 6 10 283
3 9 10 58
4 7 2 3
10 4 2 40
5 8 9 165
6 1 4 23
2 1 7 10
3 1 7 11
6 6 5 88
7 6 7 40
4 8 5 136
3 6 5 88
5 5 4 51
8 9 7 99
9 5 4 12
5 10 3 61
7 9 10 443
7 7 5 225
6 1 5 29
8 2 8 103
8 3 3 21
2 1 7 14
6 10 5 120
1 10 2 18
8 2 2 20
10 8 8 257
8 4 7 134
7 4 10 265
9 2 3 54
4 10 1 9
9 6 1 4
7 4 9 146
7 2 2 8
10 9 5 429
2 1 4 5
5 5 5 40
8 7 4 92
8 6 10 17
3 2 8 29
6 8 5 122
9 6 10 218
6 4 9 93
4 2 9 10
7 5 4 24
4 9 7 17
5 9 9 109
10 8 8 437
5 4 1 4
1 10 3 6
5 1 6 30
5 7 10 83
3 5 8 28
6 5 9 42
3 9 10 184
7 9 1 14
2 1 6 2
2 1 9 6
1 7 5 22
3 6 9 119
3 9 5 43
3 5 1 7
3 10 10 251
9 2 4 36
2 1 4 7
1 4 10 22
10 7 10 574
4 9 1 8
7 7 5 186
1 5 7 3
7 8 6 13
10 9 8 453
9 3 10 40
7 1 3 9
7 2 4 21
2 6 10 80
2 5 10 12
1 8 6 37
8 1 5 19
1 5 3 15
7 2 1 9
3 3 3 9
6 6 3 80
1 3 9 15
9 1 5 21
10 2 10 137
3 6 5 65
10 10 4 177
1 6 1 5
10 5 4 6
2 8 5 54
2 5 7 40
5 3 3 12
5 2 3 19
