45
2.0 0.20 2.0 0.08
9.0 0.07 3.0 0.35
1.0 0.02 4.0 0.17
14.0 0.12 2.0 0.28
75.0 0.01 15.0 0.79
8.0 0.04 20.0 0.18
6.0 0.29 22.5 0.10
5.0 0.01 16.25 0.18
2.0 0.19 2 0.08
9.0 0.07 3.0 0.34
1.0 0.02 4.0 0.16
14.0 0.12 2.0 0.27
75.0 0.01 15.0 0.78
8.0 0.04 20.0 0.17
6.0 0.28 22.5 0.10
5.0 0.01 16.25 0.17
2.0 0.20 2 0.09
9.0 0.07 3.0 0.36
1.0 0.02 4.0 0.18
14.0 0.12 2.2 0.28
75.0 0.01 14.4 0.79
8.0 0.04 20.0 0.19
6.0 0.29 22.7 0.10
5.0 0.01 16.25 0.20
12.0 0.15 3.0 0.15
153.0 0.13 3.0 0.13
1.0 0.11 3.0 0.05
167.0 0.89 3.0 1.0
17.0 0.19 0.5 0.15
12.0 0.10 3.0 0.05
1200.0 0.25 3.0 0.30
1224.0 0.88 3441.0 0.15
153.0 1.0 3431.0 0.5
1.98 0.11 346.0 0.05
167.77 0.89 3.0 1.0
1754.0 0.19 0.57 0.15
678.0 0.01 343.0 0.05
1299.93 0.25 3.98 0.30
2.0 0.24 2.5 0.05
5.0 0.4 1.0 0.15
19.0 0.19 12.0 0.07
49.0 0.12 33.0 0.09
40.0 0.14 30.0 0.12
100.0 0.15 100.0 0.13
0.1 0.15 0.002 0.15