50
99
603 441 550 644 797 596 174 703 749 771 520 751 391 1000 221 800 681 284 604 854 807 588 831 978 166 784 244 722 912 146 65 102 669 421 26 188 203 820 657 403 529 246 328 883 247 358 899 442 21 19 709 273 782 251 622 816 997 444 75 543 855 302 894 640 729 506 406 25 116 723 127 356 637 927 653 449 323 635 89 683 915 847 206 878 636 38 830 793 795 62 307 432 845 96 623 3 447 258 399 
502 764 193 295 914 563 634 36 601 782 278 625 635 252 456 789 537 880 395 353 431 363 821 977 210 143 839 817 171 34 469 624 183 780 837 360 55 690 370 728 768 892 400 151 251 444 162 946 364 771 974 258 390 747 642 823 852 575 819 981 72 965 308 83 39 753 261 99 141 451 846 613 648 716 811 549 866 835 144 645 777 313 985 377 84 127 757 552 632 323 948 407 49 742 109 731 23 829 478 
116 675 595 874 228 724 769 672 735 22 85 372 717 618 368 774 149 193 452 189 841 292 446 994 647 234 984 867 648 893 338 883 197 328 295 202 758 660 803 539 550 214 763 201 591 431 989 159 702 70 107 835 243 527 504 185 794 945 901 388 765 932 134 385 76 349 462 869 548 639 503 839 65 556 461 114 439 490 821 589 849 88 380 341 726 880 644 309 723 889 370 838 811 676 417 694 442 654 832 
621 391 974 328 76 323 364 429 957 13 900 50 438 473 892 783 693 987 996 125 62 924 998 80 430 280 970 184 307 174 666 794 893 346 528 158 349 397 511 547 484 103 613 894 741 324 85 462 530 805 185 106 554 604 186 751 754 157 963 603 757 652 208 765 104 906 67 187 991 911 822 411 205 55 136 661 506 96 489 607 112 633 367 522 360 566 623 542 227 412 253 118 864 392 298 519 837 701 83 
506 104 52 553 547 551 14 171 410 859 855 401 546 797 898 851 776 364 663 869 814 107 125 44 999 440 239 627 581 150 682 745 565 684 970 672 262 981 382 678 795 172 926 541 596 801 657 580 167 288 602 936 234 215 959 122 89 862 332 649 675 757 315 139 406 906 155 422 469 310 56 660 884 498 846 148 811 868 659 587 611 383 933 197 882 349 866 938 766 954 261 645 552 835 274 243 817 309 923 
377 440 924 155 270 873 157 342 726 416 936 238 310 10 450 422 592 143 512 735 620 553 706 813 607 700 312 740 672 125 801 23 163 796 997 21 510 941 47 93 940 738 326 667 386 684 922 624 615 248 647 919 300 370 627 514 577 100 803 829 649 981 884 406 344 646 299 335 26 711 742 9 663 648 733 998 451 394 501 277 190 188 318 316 281 262 911 849 770 421 461 311 258 359 774 982 702 604 533 
978 916 534 741 864 420 735 888 187 685 783 920 138 479 868 39 313 177 519 107 887 28 480 172 306 867 784 926 281 25 822 836 566 928 585 548 242 75 900 572 118 767 474 531 772 325 175 751 694 433 183 522 971 169 354 340 357 696 418 998 893 443 148 121 345 755 523 739 487 30 637 831 607 40 663 716 960 348 730 906 967 577 977 151 469 58 624 915 495 625 297 945 620 256 775 376 1 200 204 
419 266 649 215 895 868 549 406 7 330 995 348 718 102 599 141 197 600 315 746 606 493 722 770 498 963 577 974 366 220 515 725 982 202 922 996 983 715 947 205 831 864 517 859 282 986 253 799 685 957 391 650 42 433 628 575 819 610 878 879 875 287 912 677 404 34 548 461 987 793 830 111 305 328 802 779 565 884 164 823 975 883 295 507 458 520 351 661 186 269 592 719 109 359 405 463 741 496 632 
572 826 982 435 650 386 901 758 348 159 829 920 343 735 677 306 507 453 605 347 133 471 411 562 612 801 2 241 178 160 899 633 264 43 414 643 473 628 934 365 495 551 534 303 117 149 226 805 362 69 903 668 53 622 25 708 768 649 323 789 822 680 83 404 911 443 497 45 816 570 148 371 854 188 803 511 238 786 198 221 425 692 798 317 277 705 156 733 92 710 239 194 887 842 54 811 428 58 749 
911 375 597 718 18 887 373 635 7 274 814 171 938 227 43 528 756 146 111 786 724 514 3 404 411 947 73 658 809 937 800 506 990 685 767 67 455 116 432 157 288 764 224 568 297 705 716 972 639 917 33 903 124 306 36 304 673 664 167 260 634 968 442 232 41 275 408 477 244 296 352 779 754 762 913 120 101 538 377 396 102 750 45 910 435 438 820 807 95 342 222 793 667 267 493 277 833 829 501 
650 487 656 21 132 668 177 859 730 378 174 798 322 836 295 513 453 420 172 193 51 810 157 68 459 187 284 893 270 262 106 864 385 990 228 534 666 35 363 630 307 42 252 268 688 973 288 328 786 595 768 820 795 763 732 40 654 718 555 591 857 970 711 714 635 953 884 613 162 657 327 479 915 206 599 868 204 847 24 742 934 904 583 54 530 405 415 458 86 374 160 416 867 430 324 682 74 475 196 
257 882 274 456 887 803 471 315 324 209 689 721 879 631 526 658 91 154 731 971 296 473 967 847 503 709 327 979 774 335 57 54 661 145 890 290 59 519 962 44 143 412 505 762 521 523 45 653 557 371 166 218 669 301 267 800 33 870 957 106 516 664 649 475 35 173 216 976 362 652 285 812 314 714 163 230 935 609 204 165 99 408 366 208 820 990 778 261 343 711 405 793 942 922 611 662 6 498 818 
871 18 311 946 999 476 583 587 353 864 416 771 568 987 867 11 929 306 932 32 179 322 236 937 738 883 26 552 280 231 899 89 827 692 143 41 425 896 354 658 802 168 689 567 258 686 43 793 837 421 167 723 889 796 365 461 666 743 16 133 766 528 101 207 828 580 801 497 934 858 276 439 933 529 447 499 451 815 681 382 405 402 845 177 220 901 286 223 976 886 142 546 250 474 420 284 534 418 604 
619 784 16 900 274 71 866 907 936 142 965 220 811 609 853 326 104 564 465 572 276 566 641 347 14 574 654 53 106 629 272 832 114 97 107 950 18 110 504 944 775 151 877 199 910 464 344 970 728 805 195 474 836 623 367 377 10 234 947 765 22 508 840 920 177 211 668 265 166 81 912 35 589 179 610 351 862 742 844 509 621 881 446 170 778 374 651 626 174 939 333 685 380 184 426 885 495 232 156 
344 950 502 838 830 975 973 775 685 97 107 721 627 334 706 368 351 187 934 174 820 134 432 688 558 28 878 81 637 457 248 189 614 415 829 883 20 796 277 167 924 918 819 728 137 221 804 56 523 64 63 946 375 752 958 552 83 983 540 214 116 76 520 897 13 269 969 7 328 767 825 904 577 675 331 968 693 231 330 136 667 314 488 146 881 546 408 865 259 730 837 211 756 619 501 349 60 635 700 
318 815 460 912 394 406 238 944 187 808 703 558 843 771 500 955 628 147 963 589 397 38 36 722 111 409 872 729 717 136 280 347 840 569 292 350 24 169 506 935 152 240 163 908 330 66 941 721 419 422 141 983 724 644 202 181 910 216 343 120 73 340 159 829 820 889 414 727 432 765 475 563 192 830 555 870 615 19 6 851 351 18 418 718 795 553 706 664 920 597 704 691 107 757 998 739 647 652 231 
242 437 260 873 722 952 490 107 810 761 930 544 921 454 601 259 180 861 44 772 422 461 705 744 146 127 992 482 519 336 912 568 187 622 381 22 647 418 939 910 751 389 329 140 984 470 594 182 801 326 88 235 443 897 773 932 412 778 582 961 301 9 97 653 391 884 198 122 644 363 503 144 702 946 617 907 94 611 919 979 403 512 973 886 901 574 969 375 678 305 434 26 207 313 201 989 671 351 879 
803 559 24 349 612 497 473 759 588 42 701 381 297 399 705 486 198 254 431 221 174 339 112 786 675 858 634 877 57 87 144 936 711 513 924 908 346 852 369 535 820 10 23 417 283 623 874 527 616 842 913 114 158 148 927 567 641 237 514 74 976 885 499 986 252 229 832 769 219 394 204 577 440 171 810 484 510 505 56 379 960 274 134 322 217 94 446 848 487 348 392 368 205 423 167 480 7 703 895 
378 19 488 541 168 919 639 341 547 97 335 852 540 198 830 699 589 767 638 777 286 536 18 125 708 190 497 828 576 733 384 275 219 757 749 648 993 326 183 148 761 597 932 367 467 49 172 841 930 417 397 896 596 222 792 210 731 979 813 486 763 812 707 666 317 606 775 951 70 826 688 939 436 79 760 154 374 988 407 934 553 165 361 333 433 248 285 921 643 216 502 271 358 766 435 562 221 144 119 
333 734 400 257 141 348 483 776 158 251 642 93 521 604 302 436 975 380 947 183 914 162 222 242 906 842 528 764 622 939 29 534 165 55 792 782 663 106 803 463 619 399 332 444 98 54 487 937 462 308 848 135 492 954 15 872 104 723 885 26 481 228 973 207 958 255 460 989 865 331 924 519 777 452 12 687 360 378 495 702 747 325 911 925 969 500 516 44 744 565 758 246 890 16 907 933 554 675 368 
347 781 1000 527 862 362 519 235 430 361 154 398 788 432 226 905 420 66 234 947 451 295 646 315 633 152 784 951 818 684 142 701 703 291 414 837 329 128 81 606 666 85 891 139 196 224 202 12 572 960 946 806 281 28 442 808 143 445 271 180 803 325 93 893 321 733 316 588 810 545 675 125 358 489 658 713 662 43 385 728 969 669 660 406 926 46 488 732 968 730 3 978 994 124 559 725 544 167 356 
133 461 975 972 362 577 309 959 295 125 890 396 5 354 244 77 209 441 786 308 533 984 718 423 22 819 933 840 432 216 935 208 376 989 500 360 435 932 159 832 555 897 185 122 541 429 138 406 1000 894 400 426 768 389 610 904 772 773 643 215 70 460 648 448 859 343 463 764 107 147 706 926 414 405 758 217 584 334 608 671 709 835 416 473 19 120 561 459 620 63 934 312 776 744 633 472 769 940 271 
660 543 486 974 306 360 61 872 59 304 351 257 661 1000 391 478 978 455 526 789 824 953 981 201 822 265 58 886 139 846 236 983 130 839 693 778 416 289 573 444 614 920 473 218 559 535 881 733 422 254 859 827 701 635 15 213 126 169 162 911 427 798 28 826 211 430 498 598 896 841 894 438 624 793 653 504 207 376 691 356 546 347 866 168 256 176 364 46 855 926 600 797 799 275 252 739 280 531 285 
612 366 667 349 819 173 583 786 478 703 67 331 414 712 384 183 464 640 418 882 681 123 339 180 657 133 199 914 417 280 850 705 263 296 171 690 458 676 185 438 60 125 362 126 903 432 364 687 188 139 723 357 99 566 207 36 456 51 990 878 383 787 861 955 827 814 708 826 664 524 205 513 979 257 696 910 15 272 665 992 460 81 134 871 404 142 854 735 830 937 709 431 558 340 290 804 576 260 739 
279 737 658 476 490 426 108 987 794 477 622 741 934 868 756 765 222 136 192 590 824 654 661 997 463 673 147 354 758 595 990 64 557 305 29 174 587 751 161 166 193 237 329 336 725 584 589 209 296 268 43 93 482 197 488 744 742 117 978 416 377 597 229 7 567 633 866 606 876 72 994 349 242 621 717 602 51 145 786 410 407 738 601 121 647 388 838 763 907 572 586 146 712 5 420 881 710 754 596 
461 912 72 414 405 328 471 938 564 853 313 896 771 134 869 606 231 817 198 669 997 537 265 594 770 295 814 665 306 266 939 843 542 483 388 389 330 522 701 316 212 827 186 416 826 3 34 469 873 129 845 237 412 224 320 937 158 748 105 124 599 662 494 828 792 363 101 473 78 42 25 680 612 119 220 39 450 462 541 916 76 54 496 337 928 674 608 52 791 795 161 215 998 963 217 837 805 197 433 
754 31 771 657 229 343 291 656 719 611 496 756 32 921 34 989 100 747 470 806 275 735 29 561 840 716 260 801 452 477 326 303 647 785 387 933 41 171 149 549 991 179 380 874 631 426 85 714 632 385 594 592 190 59 359 255 52 324 228 211 970 254 803 46 500 864 242 924 102 638 119 151 723 969 481 453 431 196 706 695 191 3 841 315 461 222 95 449 963 560 58 277 348 972 995 810 790 433 158 
430 584 634 980 646 221 342 273 611 582 87 477 564 449 535 932 467 855 176 67 283 975 43 464 663 11 72 715 18 959 426 454 545 599 220 698 863 868 859 373 693 22 483 463 280 445 322 955 358 279 28 323 58 502 562 690 639 588 316 304 492 606 762 640 557 151 371 656 723 982 102 32 911 799 343 719 101 399 797 466 205 361 851 889 930 60 398 706 57 152 988 73 649 291 377 596 524 858 25 
619 373 101 978 650 612 430 759 600 842 390 735 157 996 811 366 977 75 628 47 591 937 985 714 690 243 881 872 825 631 289 388 826 145 338 935 817 60 240 381 214 694 659 103 161 341 215 267 636 728 573 654 258 915 50 667 315 851 730 200 143 838 129 622 171 550 793 77 489 691 242 64 674 597 333 81 116 552 31 164 946 139 655 34 13 391 972 627 94 537 335 922 506 383 850 524 58 840 83 
904 40 979 255 267 421 76 871 827 503 189 949 869 886 22 946 146 126 530 738 807 887 464 971 505 106 292 889 55 366 333 4 242 656 122 728 710 789 626 211 306 860 799 613 790 596 828 430 953 636 201 791 898 406 741 815 581 49 150 954 238 376 379 18 709 68 767 897 78 94 794 574 136 232 475 409 350 750 459 556 424 30 575 956 562 597 328 257 343 115 480 246 716 905 264 633 284 407 422 
3 818 254 195 783 187 877 570 729 367 217 848 45 57 814 531 63 624 454 967 542 497 552 912 124 874 828 636 742 597 375 65 15 258 429 335 618 798 530 462 484 29 816 41 476 799 560 437 189 594 854 992 273 58 807 138 617 469 960 625 336 493 869 911 4 128 360 677 720 416 871 162 413 786 456 229 968 330 31 626 337 504 655 724 701 111 326 139 281 444 82 291 377 743 906 944 959 120 682 
435 657 820 244 938 925 215 892 656 109 156 223 637 893 721 486 561 655 137 951 192 815 542 682 279 891 426 100 548 696 905 633 679 954 874 589 451 234 768 322 59 586 46 611 817 159 23 843 751 340 562 364 546 445 962 666 930 929 138 315 284 685 278 807 324 667 621 61 444 349 928 805 854 965 481 117 703 377 863 335 660 982 347 465 518 213 66 906 649 784 406 904 740 306 39 669 30 132 2 
273 238 887 399 810 365 185 371 417 721 177 899 346 881 461 594 195 194 46 193 589 747 826 390 337 678 277 864 297 687 454 624 3 230 729 312 953 366 356 986 38 964 50 338 870 388 802 329 999 497 9 241 875 313 575 763 918 586 582 508 877 482 659 506 291 367 457 29 492 107 789 673 542 1 102 447 470 548 179 161 552 675 620 311 724 836 114 787 984 318 898 336 584 696 276 212 157 187 48 
146 743 69 725 216 782 843 720 493 895 37 464 761 614 944 435 825 815 971 861 3 936 46 877 866 432 729 686 305 735 133 522 463 48 13 721 262 689 258 345 989 173 378 750 824 401 340 33 552 94 20 273 255 732 738 124 507 610 773 646 226 1 760 127 25 848 536 559 813 474 719 593 957 237 636 979 194 985 488 159 363 828 14 163 810 185 869 700 225 95 55 977 126 709 980 148 157 990 139 
462 191 585 303 261 865 230 567 751 520 55 618 116 293 827 796 675 206 465 990 637 3 76 812 928 158 33 885 575 193 727 528 980 798 144 893 639 586 611 210 496 267 981 969 547 145 80 789 202 357 104 630 942 521 803 363 216 94 834 49 65 239 403 638 401 460 45 794 335 739 320 272 406 905 591 119 102 58 66 164 256 579 529 384 154 590 967 13 471 640 784 767 978 95 159 517 826 34 909 
681 859 986 575 254 766 444 814 322 424 894 238 100 646 584 747 999 921 581 114 884 644 264 267 98 329 744 72 140 742 537 523 909 676 172 491 498 837 119 456 21 109 562 285 236 324 317 483 363 360 876 3 777 532 243 779 586 273 947 161 969 952 757 916 438 997 1000 722 464 950 833 962 886 878 829 624 808 568 918 129 899 167 326 305 496 23 425 111 531 949 541 493 593 478 143 428 506 983 964 
637 899 123 564 40 343 845 239 297 140 514 215 72 324 732 913 521 974 527 978 580 257 755 26 863 877 712 834 444 734 576 875 837 333 984 410 283 203 855 749 595 121 137 314 236 30 677 750 569 516 476 803 666 918 679 296 406 717 645 64 31 436 810 530 208 682 382 112 640 193 482 857 887 630 453 505 983 714 501 790 941 52 657 362 969 662 952 269 751 535 62 135 980 398 898 937 710 500 561 
377 136 233 423 917 796 31 148 941 696 475 224 883 788 601 862 560 407 429 991 491 835 706 678 802 550 78 21 265 945 406 573 610 440 828 323 713 540 770 228 178 548 496 896 638 270 777 215 629 996 640 385 458 276 159 893 799 968 533 213 836 311 588 140 363 873 829 710 386 892 812 950 308 471 619 28 954 637 803 882 107 833 193 665 176 106 139 931 185 358 603 679 577 504 953 682 845 602 495 
51 657 801 155 797 978 407 558 246 667 97 886 763 980 168 935 2 582 360 753 478 541 466 494 18 833 946 243 307 149 341 691 226 84 508 470 36 646 402 647 532 805 40 431 239 195 238 68 898 878 4 374 944 859 707 527 939 50 340 665 401 114 598 187 749 461 679 110 241 88 429 438 914 951 771 509 829 641 111 161 172 931 473 834 333 151 363 785 193 872 496 13 39 174 515 265 976 305 542 
385 493 769 619 789 99 823 715 456 957 16 262 308 862 407 868 141 804 570 686 938 542 130 744 345 216 355 74 998 395 382 699 989 627 909 470 578 901 760 598 276 898 858 107 734 730 23 722 770 50 229 764 608 566 417 532 318 574 231 55 10 589 854 458 587 416 225 610 314 272 501 995 506 219 180 281 498 857 127 303 43 800 167 14 792 363 18 111 797 776 254 375 390 359 766 201 60 326 568 
464 360 734 576 264 733 407 869 902 875 811 4 285 401 450 490 841 773 967 10 162 290 818 788 786 179 872 467 99 597 342 187 83 873 55 743 355 141 97 616 972 676 255 606 686 12 661 968 318 188 587 627 685 202 189 309 35 913 800 877 108 763 133 315 116 330 79 58 715 534 641 815 89 258 400 193 300 973 198 46 578 730 148 552 894 54 590 621 30 190 333 893 801 704 687 206 160 194 482 
448 952 52 186 690 910 985 307 391 378 960 271 894 855 372 377 262 221 102 586 609 904 277 488 494 114 692 589 22 436 298 173 405 622 945 973 389 111 851 741 843 441 76 614 659 319 101 421 681 24 569 181 440 694 196 428 895 936 675 219 83 861 287 231 736 211 115 165 461 816 396 32 7 669 192 789 276 54 97 522 682 472 107 947 202 386 48 120 542 564 458 652 13 864 100 356 749 381 169 
985 881 135 381 766 804 226 14 363 277 892 322 617 266 365 748 816 739 646 382 28 408 911 241 711 976 866 939 768 678 409 559 854 244 82 86 236 41 438 9 169 376 907 102 144 370 780 96 70 45 332 16 740 281 427 430 338 876 938 232 220 945 268 506 205 936 10 190 110 954 418 132 333 736 185 823 33 957 24 146 59 970 730 987 834 688 343 524 152 693 764 714 809 362 897 159 1 574 975 
146 648 979 835 105 192 875 232 276 501 971 904 37 905 661 771 851 194 142 486 737 399 81 107 294 264 208 987 832 491 628 652 787 213 368 314 677 114 300 453 916 896 524 258 14 269 85 646 499 600 143 173 493 425 868 498 843 867 135 335 443 880 32 885 280 928 617 88 74 437 455 104 641 727 850 370 149 90 502 723 735 236 492 490 46 286 361 476 226 791 945 972 147 325 701 826 838 884 806 
295 327 642 838 152 391 357 13 344 265 589 900 578 938 536 709 356 555 640 677 374 314 871 704 428 124 406 818 615 626 502 426 590 29 639 106 897 546 828 353 564 80 972 511 273 548 276 412 794 209 775 202 363 851 880 138 400 413 542 829 560 729 512 99 663 472 799 287 498 65 173 917 66 393 409 856 527 664 561 454 839 288 64 37 694 582 979 6 600 60 170 377 44 645 761 43 743 200 451 
182 835 90 486 378 421 868 47 365 921 563 916 138 695 273 226 360 742 803 906 632 66 15 788 298 988 894 99 76 821 598 186 427 471 942 420 56 574 68 347 802 465 170 794 743 331 299 393 401 312 506 73 333 937 321 762 748 209 354 915 191 763 584 210 966 880 327 890 332 755 148 739 876 194 165 132 432 857 951 735 440 886 691 415 107 535 720 768 211 892 810 995 777 374 945 166 448 42 384 
437 723 931 189 903 721 832 404 549 927 944 877 798 224 87 841 145 835 363 693 472 918 760 800 866 804 900 188 124 234 270 709 478 846 314 131 204 370 745 376 103 535 328 174 394 198 299 451 821 952 475 105 770 267 871 305 191 572 384 582 195 602 220 121 960 776 430 150 218 80 687 82 250 122 163 686 463 842 869 202 825 933 301 137 1000 307 261 546 252 245 381 211 678 369 523 522 148 811 724 
515 188 501 228 528 770 57 897 948 908 401 406 50 730 30 818 233 183 338 601 421 274 355 775 43 2 947 633 511 561 800 245 499 344 953 390 666 924 731 509 761 139 982 915 294 461 349 937 676 611 265 799 416 983 83 847 306 906 661 991 94 650 72 928 73 651 310 253 888 725 313 819 433 428 667 804 386 573 609 867 955 348 47 711 99 766 138 104 37 586 385 774 733 65 172 790 307 432 526 
711 907 32 321 809 510 721 281 612 604 299 509 565 62 246 845 901 950 887 681 769 468 673 912 467 203 9 694 920 740 719 420 264 703 339 23 797 165 156 237 248 170 15 597 121 593 742 766 770 825 925 12 495 627 205 310 600 872 752 629 480 576 759 228 904 481 136 781 87 433 524 772 640 469 687 788 218 601 487 917 447 537 973 918 889 928 532 256 758 610 456 65 225 293 630 435 635 479 881 
351 587 208 924 79 765 906 642 536 798 558 698 545 131 661 727 611 265 436 923 688 593 195 705 116 667 734 648 35 379 761 164 769 57 444 864 264 146 408 221 764 654 20 309 188 30 844 327 230 803 106 883 161 571 385 271 415 657 369 610 609 74 823 689 714 134 17 285 731 870 801 135 577 244 175 67 706 572 222 366 569 824 253 496 344 324 270 165 13 94 918 544 484 726 235 168 718 722 548 
