50
99
577 525 807 332 926 977 454 177 821 885 509 537 990 3 761 776 445 362 170 307 173 764 224 713 619 844 301 309 688 73 835 166 443 718 544 160 645 156 275 802 76 390 726 858 62 760 868 206 380 674 31 424 485 304 997 792 319 657 352 816 478 446 444 388 550 280 412 595 141 907 265 422 846 918 635 365 448 942 369 678 825 203 374 75 122 386 314 978 347 119 543 920 743 617 753 878 750 305 781 
812 450 860 475 180 476 869 206 41 303 455 169 715 638 410 913 124 692 347 836 694 598 281 677 332 31 966 144 34 934 45 861 403 550 828 425 322 721 248 100 881 889 182 256 842 680 459 485 697 291 553 491 868 454 741 760 938 904 570 876 9 116 980 912 541 956 59 209 902 325 355 390 408 134 172 783 837 936 293 83 276 229 637 573 707 418 401 922 686 621 937 999 633 383 433 953 878 969 178 
985 942 461 483 147 557 329 172 598 492 137 208 184 858 590 724 817 791 224 460 356 520 223 296 87 174 194 73 685 614 897 19 22 580 202 431 977 168 634 880 799 974 338 615 530 888 992 662 915 8 211 707 218 397 885 941 92 536 213 544 833 1 537 195 408 24 3 350 653 165 398 71 971 965 40 141 59 966 627 99 455 358 783 148 215 449 609 222 56 74 313 667 943 996 551 730 726 926 657 
570 323 252 398 281 218 743 705 525 90 724 488 380 842 535 482 806 340 28 339 436 349 610 186 567 605 769 81 540 486 959 309 376 422 333 758 901 284 107 501 878 420 548 992 511 479 675 266 126 948 612 66 994 19 231 58 984 979 280 76 196 200 608 166 336 305 451 642 937 898 1 603 121 435 786 178 276 911 173 668 443 215 747 472 73 394 222 662 538 26 572 799 877 93 208 685 701 406 982 
695 126 642 684 680 309 393 696 166 54 533 152 638 633 748 770 485 623 211 896 742 575 143 184 692 550 352 913 792 26 707 681 290 216 182 613 172 192 660 942 108 890 8 18 198 488 706 13 775 993 101 498 47 963 361 149 710 708 686 452 812 841 989 570 428 458 66 67 540 784 947 616 1000 927 156 759 701 343 128 301 236 669 596 35 347 585 799 808 185 579 688 19 704 310 893 196 965 665 244 
402 108 867 488 163 582 920 506 530 349 83 743 229 693 570 657 60 884 952 678 126 40 155 439 145 676 617 556 523 66 609 481 275 265 883 964 239 837 907 966 216 292 230 17 133 166 297 554 639 466 651 954 879 143 116 680 996 374 675 736 735 682 310 765 169 173 334 187 71 798 339 802 621 264 669 103 511 763 84 838 78 905 965 486 756 375 340 961 918 363 708 384 405 817 73 521 688 326 866 
913 311 685 539 402 938 2 683 758 264 952 975 624 47 751 585 615 86 141 293 972 943 120 96 436 718 783 20 802 755 227 800 561 185 269 705 207 531 955 236 445 527 289 154 974 557 694 172 431 211 551 796 947 715 860 29 275 771 775 471 500 595 846 781 386 870 745 605 88 669 666 493 30 117 99 164 841 107 39 97 726 171 461 286 537 864 654 462 636 951 66 565 271 976 105 465 35 74 542 
48 781 697 183 1000 964 531 741 401 803 303 379 558 780 371 446 622 240 899 626 760 3 55 818 111 420 348 716 24 947 868 691 387 80 669 9 352 448 854 540 347 995 967 692 7 827 355 154 602 319 774 507 584 110 53 651 909 893 944 572 389 977 28 695 512 889 929 208 419 980 680 527 555 593 146 810 333 806 968 225 765 449 978 185 306 916 758 895 472 288 508 18 381 134 807 950 812 867 665 
776 580 966 437 625 150 280 273 241 12 252 71 125 100 295 645 582 979 899 688 680 631 394 624 708 932 603 204 306 720 751 396 788 552 449 168 141 153 793 68 489 418 697 51 454 11 726 962 547 501 158 461 844 90 411 581 468 112 656 773 192 640 498 128 269 850 281 107 249 213 860 178 200 434 992 198 296 331 382 346 706 617 847 372 13 700 537 837 858 1000 876 955 373 591 72 819 985 677 416 
697 750 661 167 893 319 655 143 32 67 488 35 517 645 276 885 204 263 804 738 253 433 346 568 986 765 596 340 807 811 378 312 876 186 704 117 51 788 754 321 713 724 536 416 115 664 828 889 164 652 698 257 553 501 644 127 769 81 131 317 505 45 229 841 751 865 255 222 854 307 495 260 72 729 93 281 198 723 637 726 572 428 370 667 903 735 957 169 508 780 171 545 938 535 912 623 980 982 472 
888 907 146 595 44 687 98 152 970 444 332 48 884 428 557 13 22 684 815 903 505 279 841 497 585 494 853 325 470 518 698 838 542 141 507 745 111 861 551 811 4 360 419 488 106 251 870 980 396 151 381 159 67 692 140 750 2 869 831 819 472 260 662 447 108 18 363 294 503 558 597 995 621 957 491 499 331 992 135 187 347 117 590 92 181 936 658 134 119 669 306 34 956 940 686 380 994 304 769 
140 96 93 669 518 811 212 837 333 345 677 426 44 705 43 780 477 834 122 201 101 278 332 696 405 570 229 67 607 699 59 911 840 104 756 660 736 650 100 655 531 464 116 420 306 334 623 763 249 951 931 624 994 499 284 703 687 424 831 71 729 240 395 545 522 698 147 682 874 800 83 770 467 371 981 146 757 161 130 633 320 700 97 685 377 743 513 813 684 401 52 357 243 818 536 678 934 191 245 
407 625 216 258 693 425 206 435 230 270 563 194 53 960 420 379 71 977 636 364 570 930 624 468 897 112 96 192 661 769 905 617 917 473 160 957 450 18 56 710 518 48 860 622 347 239 954 974 237 350 967 397 212 512 238 602 812 214 143 82 540 758 771 569 361 319 138 326 564 740 997 487 24 539 505 853 820 293 527 888 723 541 374 224 6 612 77 223 242 37 835 886 777 728 526 205 697 926 320 
773 883 319 577 293 745 542 46 816 94 770 62 14 502 401 989 302 818 202 31 87 841 891 579 509 474 570 504 584 638 457 637 966 977 139 138 260 243 572 870 645 175 484 66 380 832 251 957 383 741 438 464 481 749 78 84 229 582 323 131 426 551 726 264 458 722 447 720 997 732 416 303 101 191 237 415 51 600 723 466 875 936 684 254 492 935 444 135 485 246 176 856 760 400 713 968 975 994 986 
64 989 961 211 218 284 266 317 499 929 395 361 813 759 54 186 439 184 347 974 691 960 876 290 531 553 377 967 883 661 821 538 714 858 343 867 935 386 853 523 350 554 66 504 772 814 329 710 561 364 369 164 980 582 206 91 516 657 69 494 583 311 695 70 227 639 717 806 671 48 798 159 180 213 943 771 253 614 381 602 743 379 407 647 559 157 600 875 739 568 769 779 543 32 463 564 444 144 666 
55 103 383 522 143 473 362 694 61 874 752 737 828 247 847 641 476 207 734 983 29 3 949 792 670 544 743 404 188 371 846 845 380 881 451 204 96 573 87 802 57 455 110 766 37 375 614 830 688 56 649 150 279 468 315 2 73 915 971 595 367 615 603 435 585 868 900 844 265 980 978 742 721 24 11 783 732 18 823 157 791 483 291 428 384 946 545 884 8 632 836 940 438 319 536 457 933 36 776 
904 269 941 700 664 130 533 34 627 840 740 782 848 503 805 555 293 393 754 815 477 710 76 475 176 702 427 461 978 677 568 58 526 691 299 23 470 631 19 658 828 789 790 795 846 44 273 150 50 835 496 204 347 997 328 884 921 375 798 617 138 692 429 768 775 367 440 129 272 854 329 495 722 653 18 810 59 786 270 766 730 814 267 563 391 919 757 660 986 492 220 671 166 479 981 229 615 728 91 
576 261 347 64 696 978 654 277 326 679 35 814 388 507 413 402 562 467 446 961 426 95 251 275 881 121 399 747 619 287 815 212 534 401 917 100 395 34 975 4 824 329 249 915 628 434 468 644 320 897 484 759 821 905 300 748 795 641 640 621 107 550 334 810 960 108 532 428 281 874 394 114 895 816 713 163 711 119 946 951 21 908 355 968 957 153 907 932 18 258 491 841 137 431 682 927 451 718 638 
317 343 257 336 897 558 687 660 383 59 906 211 754 616 919 768 236 966 370 414 185 121 963 140 933 676 105 535 242 393 437 881 860 333 513 133 582 267 799 562 331 924 986 475 836 231 83 412 84 465 953 812 503 298 164 832 767 212 950 246 841 646 99 849 114 784 248 944 810 927 729 875 502 957 215 922 396 547 433 909 46 261 550 936 107 738 109 276 514 935 202 87 700 90 448 952 589 264 883 
608 84 726 773 185 351 452 869 445 209 908 424 171 801 115 620 23 137 121 843 212 380 1000 168 316 966 936 742 522 52 2 262 638 394 94 293 708 730 138 655 282 541 747 963 255 490 99 896 148 7 526 803 249 485 35 750 919 159 614 796 854 313 331 694 993 150 396 978 197 311 997 87 723 882 265 762 754 984 108 876 55 144 26 391 794 267 291 521 906 607 454 350 901 487 204 660 270 969 66 
779 571 539 439 551 665 704 128 211 563 674 557 358 727 990 170 619 558 528 670 609 802 210 246 680 801 147 654 35 774 658 288 922 317 92 964 190 60 915 378 910 348 267 875 668 527 543 587 947 789 718 387 383 218 994 792 179 158 927 552 240 263 848 133 636 456 776 731 171 743 410 397 460 206 574 28 369 345 612 673 82 318 934 829 736 431 524 589 999 242 566 730 823 55 85 259 951 205 118 
942 584 662 653 194 334 602 767 895 938 703 777 128 314 166 291 654 157 607 928 35 162 434 659 516 66 698 110 11 36 431 729 254 163 87 124 568 65 279 474 407 288 959 338 379 139 464 565 758 323 515 559 734 880 831 843 997 495 107 982 33 736 847 963 682 79 10 236 883 664 858 28 585 914 774 969 393 726 802 326 860 329 345 723 701 670 39 441 97 690 413 750 300 147 52 911 422 302 586 
878 79 470 509 363 912 717 862 416 476 951 603 984 888 859 452 159 904 981 778 457 988 58 604 656 200 726 324 446 181 507 957 50 530 177 843 116 818 477 612 940 713 694 395 599 290 16 636 872 939 440 378 856 902 236 830 734 700 418 95 459 133 890 174 861 196 999 120 585 139 397 874 466 251 145 857 954 166 406 596 851 180 288 762 72 540 249 15 227 532 826 109 136 916 330 997 674 770 451 
284 872 310 106 930 75 595 902 494 157 357 3 912 180 633 603 32 920 438 978 843 961 49 485 447 947 984 167 142 742 860 676 288 344 69 738 689 730 803 303 19 589 463 124 685 73 85 683 954 95 144 813 293 996 274 838 763 669 940 915 101 988 931 853 250 880 372 328 497 620 818 365 907 606 555 925 808 905 844 870 568 899 550 291 878 740 213 910 406 7 360 33 437 315 882 411 183 331 875 
253 669 195 37 836 829 858 736 532 108 919 957 864 746 607 662 588 190 739 159 846 153 984 605 691 142 194 698 619 905 227 237 542 977 335 790 835 755 10 940 441 284 690 765 128 693 50 397 100 645 950 520 540 76 567 812 869 322 960 845 998 935 340 788 751 737 308 244 110 876 63 702 454 109 781 297 173 68 229 697 450 490 207 24 733 333 968 764 874 455 527 399 421 33 16 828 245 730 682 
928 609 16 901 682 274 939 539 318 729 65 890 66 814 976 288 34 115 952 121 360 668 29 132 193 646 255 522 712 459 837 281 62 293 498 979 612 157 959 504 386 677 126 247 741 535 933 77 791 304 91 555 309 514 235 606 756 217 595 752 8 198 547 263 876 118 384 167 636 182 578 588 348 434 716 408 506 205 953 601 689 365 996 134 857 238 761 805 818 659 197 19 356 894 528 290 346 258 311 
461 296 178 101 741 865 405 407 181 445 857 539 928 949 154 386 169 530 33 545 368 232 155 196 643 902 496 51 81 97 738 483 608 699 283 402 492 303 313 675 16 331 280 537 882 343 638 265 500 663 747 761 910 846 712 172 98 199 786 182 736 282 318 44 997 777 597 90 538 573 271 944 540 609 417 534 209 385 215 513 959 922 770 909 790 599 543 306 680 435 635 443 235 669 703 157 359 201 426 
716 573 705 114 395 909 77 286 441 293 44 519 951 775 147 313 544 309 27 215 729 895 638 219 260 287 435 370 760 396 380 999 687 535 22 168 936 763 76 424 434 324 817 327 277 529 355 732 833 87 551 156 423 282 568 663 485 220 263 757 344 596 783 981 972 991 892 123 12 102 416 644 674 63 556 443 592 836 838 970 245 546 43 399 246 933 773 571 273 312 820 922 804 367 517 500 89 565 495 
905 323 426 71 542 247 482 192 198 30 29 812 535 658 963 775 368 283 911 180 446 194 845 786 171 806 829 371 60 106 82 693 210 758 447 561 654 504 741 811 881 739 861 713 363 290 688 378 546 651 298 109 273 830 717 163 618 264 390 96 352 917 696 240 287 813 147 871 80 516 807 954 40 375 919 23 885 519 584 825 620 425 537 355 472 931 921 548 17 59 560 856 430 250 725 379 117 424 773 
212 914 409 779 684 775 392 46 253 624 776 4 917 708 806 165 798 477 99 767 665 364 169 67 609 576 214 936 61 48 487 691 386 39 846 119 983 128 731 159 333 904 122 797 704 258 929 631 945 563 948 417 272 750 713 815 242 259 316 70 158 239 522 654 562 733 732 577 849 837 483 474 326 976 285 953 322 853 407 881 438 173 411 717 518 306 863 703 377 963 910 433 611 808 972 405 596 188 90 
961 889 541 475 710 37 984 86 760 703 78 713 211 354 101 562 861 683 450 201 784 589 451 563 67 930 712 374 987 174 185 654 56 55 898 316 708 943 964 385 377 229 615 566 308 726 945 281 70 835 730 425 335 509 384 559 200 978 251 626 353 170 664 846 179 655 30 396 387 801 491 341 61 391 677 530 691 992 2 25 885 560 189 442 22 935 357 183 681 540 130 499 426 660 74 213 840 630 479 
64 793 833 895 728 536 516 88 578 506 958 763 747 769 451 789 354 146 10 267 603 435 986 402 469 713 674 8 369 353 570 802 993 60 245 386 893 368 364 28 377 101 860 632 71 153 94 829 313 149 290 535 985 718 349 370 944 69 794 870 483 442 436 927 817 345 496 325 604 628 111 337 727 934 563 820 847 981 638 212 29 670 585 344 51 569 995 546 56 86 572 531 446 647 543 839 466 994 583 
84 584 938 869 722 38 613 850 483 166 849 172 455 289 810 778 728 964 273 954 817 675 870 30 983 489 875 529 133 597 972 56 424 900 1 104 405 107 247 901 264 386 907 69 225 4 190 924 892 182 252 58 476 776 356 860 359 967 249 545 794 123 325 852 189 330 327 951 991 282 804 738 206 193 388 447 558 144 380 574 63 169 894 809 710 293 213 444 946 262 53 21 504 428 672 685 491 461 638 
918 89 668 568 253 10 882 624 908 890 979 874 270 138 8 99 685 367 690 566 206 541 917 941 836 347 396 324 322 651 833 211 848 841 278 88 876 986 535 574 774 735 475 815 793 682 464 394 93 505 296 176 329 763 695 975 299 61 615 78 419 291 728 617 799 295 314 737 866 277 905 548 32 748 716 448 576 857 284 309 382 158 446 286 907 381 988 930 966 70 947 770 886 483 255 383 467 923 990 
931 247 678 462 221 839 26 277 369 526 315 557 717 749 354 231 42 222 36 34 219 484 619 510 74 513 292 728 188 73 417 85 630 501 233 776 498 357 418 516 168 379 674 773 489 864 861 669 909 388 433 194 44 993 128 935 265 732 260 49 425 733 878 79 99 835 788 281 663 611 474 923 967 349 46 481 832 900 533 920 303 910 701 579 881 736 646 287 24 1000 694 251 203 964 263 886 266 853 929 
753 258 740 4 835 44 393 915 27 497 239 29 66 491 141 458 218 519 440 373 133 434 938 172 49 602 245 175 166 948 167 131 236 337 481 463 205 73 134 871 30 269 723 401 349 925 911 365 616 662 737 528 986 422 920 641 627 495 356 359 551 762 94 262 194 539 432 42 932 540 300 975 95 658 207 648 960 355 315 850 392 96 769 402 538 899 159 541 226 944 128 607 11 858 816 444 125 825 659 
594 824 371 803 648 231 709 255 284 115 745 133 447 758 439 958 85 985 61 82 799 670 370 983 423 323 208 599 179 748 995 740 384 205 459 360 67 199 915 590 139 663 250 137 957 643 465 825 973 549 257 600 428 856 913 759 538 521 298 324 335 859 569 157 769 160 604 62 810 744 389 375 606 51 440 196 969 202 122 123 578 716 563 405 8 536 618 74 902 230 625 32 849 872 806 870 308 896 667 
592 909 66 668 548 79 137 142 341 323 463 289 538 456 500 847 925 609 335 121 537 477 932 636 946 938 901 16 849 812 179 42 778 127 613 364 664 644 78 442 33 68 905 316 696 371 62 221 920 881 739 354 249 204 347 65 288 691 60 792 851 725 561 952 655 9 890 90 704 887 196 167 826 93 947 550 480 360 241 210 5 649 639 282 183 906 163 784 515 406 967 440 107 544 985 681 299 255 344 
576 893 948 23 197 499 748 781 563 625 736 127 385 709 209 437 64 412 340 776 922 949 388 27 735 14 585 773 745 80 429 749 986 281 392 570 383 536 179 171 890 286 685 153 273 28 655 308 540 512 318 30 985 63 275 689 815 117 787 597 779 796 543 870 407 309 245 2 307 669 889 77 516 344 406 909 361 66 415 196 854 973 966 684 295 700 363 54 666 840 355 972 820 602 821 145 918 992 50 
370 790 322 83 964 578 776 851 127 42 924 722 881 263 981 652 707 486 448 932 775 29 240 687 807 817 277 812 395 171 478 298 632 987 858 168 146 536 554 991 896 658 713 725 246 598 853 463 469 376 235 794 229 398 944 447 855 200 672 636 228 529 808 38 977 952 267 104 831 943 61 838 501 94 82 640 132 847 788 914 387 48 968 792 970 909 332 352 296 772 399 251 712 81 397 721 226 517 990 
844 824 526 673 460 364 405 257 662 502 449 806 780 114 450 149 836 840 831 226 363 811 321 425 524 217 498 650 782 275 634 183 386 23 445 216 319 434 605 878 1000 928 111 727 521 872 100 936 783 701 557 503 531 714 496 391 340 790 625 994 318 755 567 8 186 654 470 682 210 113 805 892 709 752 346 469 322 998 152 772 544 499 136 2 927 229 155 568 781 580 520 395 218 79 464 493 83 677 704 
558 681 411 487 769 804 80 511 458 453 250 603 835 895 586 738 753 66 378 166 796 826 95 12 790 936 323 897 706 972 353 521 375 431 782 180 22 987 67 829 839 856 890 217 133 528 633 189 173 985 683 490 256 581 110 664 17 318 854 394 892 223 68 573 344 822 658 443 961 535 147 871 832 516 868 504 860 270 491 120 47 235 690 766 213 695 25 791 971 317 834 58 926 626 696 838 349 128 722 
169 148 482 165 599 421 442 234 849 681 972 932 106 764 226 891 862 798 920 58 319 302 712 189 733 373 825 957 931 260 69 378 263 553 144 693 702 322 466 965 78 446 351 391 699 507 615 638 347 562 663 192 982 834 611 628 54 812 364 863 456 722 255 321 376 84 213 133 384 945 631 580 784 776 497 412 460 154 649 844 739 317 732 4 41 209 140 636 565 936 943 810 753 853 104 785 479 415 266 
887 23 856 205 639 153 703 356 611 374 618 802 858 526 547 971 594 692 70 728 590 521 633 474 800 463 246 234 357 112 749 37 342 941 282 52 659 563 602 735 337 717 269 343 661 102 801 206 586 760 571 882 309 769 781 355 872 868 719 105 697 420 511 686 974 809 635 251 461 28 569 930 15 681 742 190 715 69 943 419 913 479 39 558 500 643 167 874 376 990 704 487 988 138 564 136 126 381 27 
518 573 593 140 540 630 63 853 618 462 380 31 210 818 308 649 430 405 839 168 863 129 99 544 441 941 445 354 745 750 426 36 507 148 763 322 489 906 410 725 398 560 581 399 766 801 949 516 920 435 60 17 111 481 781 703 98 317 293 113 993 675 580 568 221 248 810 777 384 85 145 670 956 236 977 767 434 928 156 130 247 577 843 857 609 930 383 64 22 824 208 644 453 499 367 124 203 47 542 
726 429 285 181 599 333 657 637 560 792 592 96 908 229 667 67 904 37 551 653 381 270 567 855 552 10 474 958 398 373 80 524 543 877 89 993 410 495 636 221 549 191 779 631 156 356 342 716 775 110 315 402 956 155 844 594 955 344 597 808 332 625 33 629 169 263 949 968 501 499 256 411 55 62 465 525 818 284 200 341 86 542 906 833 976 948 538 176 135 378 722 795 309 210 396 279 297 121 74 
389 732 919 541 380 845 456 74 36 502 92 108 475 907 30 913 911 603 326 386 259 702 372 686 701 47 750 438 183 235 261 828 80 867 880 189 248 905 670 849 218 392 961 226 876 836 466 575 106 458 188 671 111 43 542 512 423 990 140 341 462 505 871 98 405 897 107 852 273 710 32 996 153 817 891 164 60 152 528 373 19 370 85 935 64 266 877 77 384 540 63 517 881 495 361 26 885 281 15 
763 953 381 441 941 157 29 716 794 993 717 46 224 905 608 957 254 88 321 744 512 298 100 92 472 501 820 526 505 495 368 735 396 723 110 871 308 300 742 351 836 429 644 645 141 344 125 171 858 581 767 352 391 694 906 662 218 108 766 745 44 87 754 980 943 13 206 535 188 935 392 808 240 67 549 63 838 865 672 846 394 555 638 849 334 921 636 964 62 840 605 862 211 214 675 432 965 728 988 
59 343 962 243 33 275 917 417 713 497 735 220 475 747 49 236 244 671 108 97 436 186 983 641 144 568 771 559 285 726 692 805 682 830 128 514 673 588 709 552 981 560 509 704 724 149 34 516 405 720 372 953 11 764 812 332 848 213 137 721 708 611 488 754 520 669 27 561 133 395 581 201 840 67 926 846 13 907 370 107 28 456 335 312 112 269 162 795 50 591 189 918 394 127 645 746 272 703 278 
559 427 704 349 840 965 65 543 772 495 726 688 257 833 691 674 827 954 87 970 265 32 861 157 689 787 452 783 412 746 282 360 687 100 654 670 484 371 728 706 252 445 724 950 527 916 103 825 933 774 211 18 104 901 318 345 725 600 13 779 39 732 144 442 829 541 695 533 456 555 61 857 910 472 681 466 334 179 446 277 871 734 108 948 381 479 589 516 327 297 355 853 101 194 339 659 548 802 946 
