111111 5000 26666 55555
20000 900 4800 10000
2000 90 480 1000
29166 1312 7000 14583
155555 7000 37333 77777
28000 1260 6720 14000
20000 900 4800 10000
14583 656 3500 7291
122222 5500 29333 61111
21000 945 5040 10500
2500 112 600 1250
291666 13125 70000 145833
155555 7000 37333 77777
24000 1080 5760 12000
15000 675 3600 7500
29166 1312 7000 14583
77777 3500 18666 38888
34000 1530 8160 17000
23500 1057 5640 11750
300000 13500 72000 150000
222222 10000 53333 111111
32000 1440 7680 16000
4000 180 960 2000
16666 750 4000 8333
1400000 63000 336000 700000
50000 2250 12000 25000
1000 45 240 500
4166 187 1000 2083
22222 1000 5333 11111
2000 90 480 1000
320 14 76 160
50000 2250 12000 25000
1111111 50000 266666 555555
200000 9000 48000 100000
27000 1215 6480 13500
187500 8437 45000 93750
755555 34000 181333 377777
90000 4050 21600 45000
22000 990 5280 11000
312500 14062 75000 156250
288888 13000 69333 144444
94000 4230 22560 47000
13000 585 3120 6500
54166 2437 13000 27083
7111 320 1706 3555
22000 990 5280 11000
11000 495 2640 5500
45833 2062 11000 22916
244444 11000 58666 122222
30000 1350 7200 15000