22
175 -01 175 175 175
175 175 175 175 175
175 175 175 175 175
175 175 175 175 -02
175 175 175 175 175
175 175 175 175 175
175 175 175 175 -02
175 175 175 175 175
175 175 175 175 175
175 -01 175 175 175
-02 175 175 175 175
175 175 175 175 175
175 175 175 175 175
175 175 175 175 175
175 175 175 175 -01
175 175 175 175 175
175 175 175 175 -01
175 175 175 175 175
175 175 175 175 175
175 -02 175 175 175
175 -02 175 175 175
175 175 175 175 175
175 175 175 175 175
175 175 175 175 175
175 -01 175 175 175
175 175 175 175 175
175 175 175 175 175
175 175 175 175 175
175 175 175 175 175
-02 175 175 175 -01
175 -01 175 175 175
175 175 175 175 175
175 175 175 175 175
175 -02 175 175 175
175 175 175 175 175
175 175 175 175 175
-01 175 175 175 -02
175 175 175 175 175
175 175 175 175 175
175 175 175 175 175
172 175 207 207 -02
197 186 175 151 201
191 200 176 209 186
200 174 184 169 185
-01 157 164 201 188
152 -01 185 187 -02
190 151 198 156 150
200 181 167 173 174
176 182 189 153 181
208 196 188 199 151
193 176 159 -01 164
194 199 206 155 162
196 195 157 194 203
201 172 170 194 168
210 204 209 -02 167
178 195 195 -02 192
190 166 155 207 197
200 159 198 183 210
-01 155 204 174 159
204 201 152 183 160
184 154 179 159 -02
183 195 178 182 160
186 182 155 172 200
182 166 190 201 210
-01 185 208 173 203
202 170 197 -01 191
198 169 178 160 157
186 160 176 160 154
171 180 160 150 208
192 170 -02 150 165
176 -01 176 176 176
176 176 176 176 176
176 176 176 176 176
176 176 176 176 176
176 -02 176 176 176
176 176 176 176 176
-02 176 176 176 176
176 176 176 176 176
176 176 176 176 176
-01 176 176 176 176
176 176 176 176 176
176 176 176 176 176
-02 176 176 176 -01
176 176 176 176 176
176 176 176 176 176
176 176 176 176 176
176 -01 176 -02 176
176 176 176 176 176
176 176 176 176 176
176 176 176 176 176
176 176 176 176 176
176 176 176 176 176
-02 176 176 176 176
176 176 176 176 176
176 176 -01 176 176
176 176 176 176 176
176 176 -02 176 176
176 176 176 176 176
-01 176 176 176 176
176 176 176 176 176
176 176 176 176 176
176 -01 176 176 176
176 176 176 176 176
176 176 176 176 176
176 176 176 176 -02
176 176 176 -01 176
176 176 176 176 176
176 176 176 176 176
-02 176 176 176 176
176 176 176 176 176